<?xml version="1.0"?>
<opencv_storage>
<calibration_time>"Tuesday, August 28, 2018 PM09:55:13 HKT"</calibration_time>
<image_width>1280</image_width>
<image_height>1024</image_height>
<board_width>7</board_width>
<board_height>5</board_height>
<square_size>1.</square_size>
<aspectRatio>1.</aspectRatio>
<flags>2</flags>
<camera_matrix type_id="opencv-matrix">
  <rows>3</rows>
  <cols>3</cols>
  <dt>d</dt>
  <data>
    8.2341282162240088e+02 0. 6.5591057398221164e+02 0.
    8.2341282162240088e+02 5.4798229358822925e+02 0. 0. 1.</data></camera_matrix>
<distortion_coefficients type_id="opencv-matrix">
  <rows>5</rows>
  <cols>1</cols>
  <dt>d</dt>
  <data>
    -4.9017845030007534e-01 5.7595071985025870e-01
    -9.2396620565504198e-03 -4.2619758934041730e-03
    -7.7375797648828315e-01</data></distortion_coefficients>
<avg_reprojection_error>2.4566738890159487e-01</avg_reprojection_error>
</opencv_storage>
