%YAML:1.0

#camera calibration 
model_type: MEI
camera_name: left
image_width: 576
image_height: 460
mirror_parameters:
   xi: 5.4045892516923235e+00
distortion_parameters:
   k1: 5.6415243236820359e-02
   k2: 3.6682510320612245e+01
   p1: -5.1474186569602162e-03
   p2: -8.4191840753629378e-03
projection_parameters:
   gamma1: 4.9227035345048716e+03
   gamma2: 4.9294123711654229e+03
   u0: 6.4208604539463829e+02
   v0: 5.3819475067850851e+02


extrinsicRotation: !!opencv-matrix
   rows: 3
   cols: 3
   dt: d
   data: [ 0, 0, 1,
          -1, 0, 0,
           0,-1, 0]
extrinsicTranslation: !!opencv-matrix
   rows: 3
   cols: 1
   dt: d
   data: [ 0.32, 0.13, 0.04 ]


is_rectify: 0


