%YAML:1.0
---
model_type: MEI
camera_name: right
image_width: 1280
image_height: 1024
mirror_parameters:
   xi: 3.2915932567077220e+00
distortion_parameters:
   k1: -5.2047897394400322e-01
   k2: 3.4811664647481768e+00
   p1: 5.2567368405371474e-03
   p2: -4.0043459050511246e-03
projection_parameters:
   gamma1: 3.2460422266237092e+03
   gamma2: 3.2514441499249156e+03
   u0: 6.4681595675182029e+02
   v0: 5.1441455114721191e+02
