%YAML:1.0

#camera calibration
model_type: PINHOLE
camera_name: tracking
image_width: 1280
image_height: 1024
distortion_parameters:
   k1: -3.1494236477146542e-01
   k2: -7.1856132972817777e-01
   p1: 1.0591155043751033e-03
   p2: 8.8731514409656521e-03
projection_parameters:
   fx: 1.1773132521471161e+03
   fy: 1.1773132521471161e+03
   cx: 6.0247908791292161e+02
   cy: 5.0527254733207218e+02
