%YAML:1.0
---
model_type: PINHOLE
camera_name: camera_tracking
image_width: 1280
image_height: 1024
distortion_parameters:
   k1: -3.6407960832070435e-01
   k2: 1.4004671368130123e-01
   p1: 1.8066194160019484e-03
   p2: -1.7343119334082865e-03
projection_parameters:
   fx: 1.1563214401257362e+03
   fy: 1.1605736077858071e+03
   cx: 6.5682611494220680e+02
   cy: 4.9112937914064440e+02
