%YAML:1.0
---
model_type: PINHOLE
camera_name: camera_tracking
image_width: 640
image_height: 512
distortion_parameters:
   k1: -3.2375228668428391e-01
   k2: -3.4872761190897344e-01
   p1: -1.1512756581913892e-03
   p2: -1.4712613269640719e-03
projection_parameters:
   fx: 5.7415816032881912e+02
   fy: 5.7415816032881912e+02
   cx: 3.2742003285305378e+02
   cy: 2.4936484992811634e+02
