<?xml version="1.0"?>
<opencv_storage>
<calibration_time>"Wed 28 Feb 2018 05:37:28 PM HKT"</calibration_time>
<image_width>1280</image_width>
<image_height>720</image_height>
<board_width>6</board_width>
<board_height>4</board_height>
<square_size>1.</square_size>
<aspectRatio>1.</aspectRatio>
<flags>2</flags>
<camera_matrix type_id="opencv-matrix">
  <rows>3</rows>
  <cols>3</cols>
  <dt>d</dt>
  <data>
    2.9233646785834194e+03 0. 6.4465145087691860e+02 0.
    2.9233646785834194e+03 2.5265367460477802e+02 0. 0. 1.</data></camera_matrix>
<distortion_coefficients type_id="opencv-matrix">
  <rows>5</rows>
  <cols>1</cols>
  <dt>d</dt>
  <data>
    -6.3351843123950746e-01 1.2837088293692673e+00
    1.5999711440422830e-02 2.3062612892229807e-04
    -3.3947058293981208e+01</data></distortion_coefficients>
<avg_reprojection_error>2.4984566485162615e-01</avg_reprojection_error>
</opencv_storage>
